0
0
0
361
-92
2539
-324
0
420
-132
0
775
0
0
0
-462
0
966
0
272
1370
184
354
125
0
-194
0
0
-986
0
-65
0
-75
0
-2268
-11
0
0
0
17
118
0
0
0
-260
0
0
152
0
-1470
0
0
0
1170
498
0
-2088
0
0
-782
0
1765
0
0
0
0
40
0
172
0
0
-262
0
0
0
2232
0
0
289
0
0
0
1702
-60
0
-547124
0
0
0
0
-94
0
-1064
0
0
-250
0
-200
0
1811
0
0
-714
0
-288
0
0
0
-5070
40
0
0
0
-1199
210
0
0
0
2480
0
0
322
0
-1083
0
319
55
0
0
0
0
0
-193
540
0
0
0
-134
0
0
-224
0
-145
0
0
226
0
137
0
0
0
0
61
0
-286
0
0
-287
0
916
0
0
0
-148
-114
0
0
0
-13
0
0
281
0
3501
0
256
14
0
324
0
582
0
0
14
0
0
0
1354
62
0
0
0
0
632
-1302
0
-38
1994
0
444
860
0
528
0
0
0
-1269
-742
0
0
0
-1187
428
0
0
0
-335
0
0
0
21789
524
0
-514
0
0
-510
0
410
0
0
-110
0
1526
0
0
0
146
414
0
0
0
0
16
0
-168
0
404098
0
0
-374
0
0
0
1385
0
0
-171
0
430
0
0
106
0
1352
0
0
0
0
668
0
-104
0
0
1453
0
-1751
0
0
0
0
-4
0
620
0
0
0
0
254
0
377
0
0
84
0
-812
0
0
0
0
330
0
76
0
366
-154
0
0
0
0
0
-400
48
-749
-60
0
41
0
0
-334
0
-226
0
0
748
0
-487
0
0
0
0
1002
0
812
0
0
-382
0
472
0
0
0
0
-446
0
-171
0
264
0
0
-234
0
0
0
2016
-12
0
1788
0
0
0
0
201
0
145
0
0
-596
0
892
0
0
0
0
283
0
-458
0
-425
0
0
-50
0
163
0
0
-93
0
-23
0
0
0
3638
112
0
0
0
-214
181
0
0
0
0
0
-278
-1278
0
0
0
1295
0
0
95
0
154
0
0
-746
0
-783
0
0
0
0
184
0
257
0
508
2446
0
0
0
-848
0
-400
324
0
-32
0
0
0
0
-476
0
-726
0
0
299
0
-2722
0
0
0
0
-112
0
-743
0
0
-223
0
412
0
0
0
0
120
0
1978
0
0
0
0
212
0
208
0
0
341
0
0
0
-238
0
0
-360
0
-44
0
0
586
0
-2000
0
0
0
0
32
0
-2107
0
0
0
0
-231
0
-440
0
0
615
0
1152
0
0
0
0
-566
0
-29
0
0
-128
0
206
0
0
0
-2894
98
0
0
0
0
0
-681
260
0
0
0
0
-78
0
223
0
0
0
-334
102
0
0
0
0
118
0
224
0
0
0
98
509
0
0
0
5483
0
0
-22
0
0
0
159420
926
0
0
0
-3094
0
0
23
0
0
0
-336
-42
0
94
0
0
0
554
-609
0
0
0
0
22
0
308
0
0
0
0
-241
0
4878
0
0
0
0
562
0
930
0
0
292
0
2025
0
0
0
0
182
0
1258
0
0
137
0
0
0
-104
0
348
220
0
1738
0
0
0
0
540
0
778
0
0
-352
0
1270
0
0
0
0
350
0
-698
0
0
50
0
-4
0
0
0
0
-540
0
-564
0
0
0
0
222
0
0
0
0
-748
0
1588
0
-1958
0
0
-178
0
-190
0
0
-267
0
-20
0
0
0
0
142
0
3464
0
0
0
0
260
0
726
0
4636
623
0
0
0
0
0
-130
203
0
0
0
-1467
448
0
0
0
921
0
0
-2
0
-1769
0
0
0
0
-59
0
-484
0
0
-342
0
3383
0
0
0
0
-1082
0
-2505
0
0
1048
0
42
0
0
0
1904
-240
0
5144
0
0
0
0
-36
0
4770
0
0
81
0
0
0
-1997
0
0
46
0
1224
0
0
-1160
0
216
0
0
0
-894
-36
0
321
0
0
0
0
-822
0
0
0
0
-110
0
-80
0
-954
0
-312
-215
0
-788
0
0
216
0
1157
0
0
0
8
-533
0
180
0
-1822
0
0
-124
0
-67
0
0
-4
0
-278
0
2436
0
0
774
0
4008
0
0
74
0
2064
0
0
0
0
514
0
84
0
0
0
0
162
0
180
0
0
0
-2339
286
0
400828
0
0
-860
0
-242
0
0
142
0
-932
0
0
0
0
178
0
1187
0
0
0
0
46
0
-40
0
0
-464
0
-404
0
0
0
-4253
-410
0
0
0
572
780
0
0
0
-2248
0
0
0
-76
0
-322
-82
-998
1414
135
0
0
0
0
-316
0
-92
0
0
335
0
-499
0
0
0
0
94
0
-218
0
0
0
0
-672
0
-60
0
-2091
508
0
0
0
0
0
-370
808
0
0
0
0
41
0
-94
0
0
0
0
71
0
-258
0
0
0
-186165
-210
0
0
0
3014
-523
0
0
0
296
0
0
162
0
0
0
315
17
0
-1542
0
0
0
2538
79
0
0
0
0
0
0
-138
0
1648
0
0
-136
0
3326
0
0
0
0
-1423
0
-271
0
261
-148
0
612
0
0
0
0
-48
0
-1264
0
-133
0
896
-7
0
6
-1332
-1882
8
100
-28
0
1652
127
0
0
0
0
0
1440
-990
-210
0
181
0
-2291
-300
0
-84
-1396
-264
164
-190
0
-90
0
0
0
-3981
316
0
-3814
0
-324
230
0
0
0
0
0
3746
0
0
824
0
113
0
0
-1447
0
116
0
0
0
310
-1024
0
-74
0
0
-9
0
682
0
0
0
0
-34
0
-1956
0
0
0
0
-481
0
-1030
0
1515
-1902
0
1352
0
0
0
0
201
0
-143
0
0
-38
0
140
0
0
0
-2096
503
0
0
0
-516
0
0
246
0
406
0
723
-172
0
0
0
70
0
0
-770
0
-1698
0
0
276
0
0
0
-978
0
0
-386
0
2079
0
0
368
0
-776
0
0
0
0
428
0
-194
0
0
0
166
-440
0
0
0
529
-24
0
303
0
0
0
-837
462
0
0
0
0
64
0
-1864
0
-3049
0
0
-214
0
-828
0
-1127
0
0
-128
0
-2
0
0
-636
0
50
0
0
0
0
-128
0
258
0
0
122
0
-69
0
-293
0
-3580
-290
0
0
0
58
0
0
-386
0
8689
0
0
78
0
0
0
0
0
-1830
240
0
0
0
1048
-440
0
394
0
0
0
0
-246
0
532
0
0
0
0
-704
0
96
0
0
22
0
0
0
15
0
0
1062
0
540
0
0
237
0
-4344
0
0
0
0
38
0
0
0
2412
-7
0
0
0
-401
0
0
83
0
3733
0
0
0
0
80
0
997
0
0
282
0
-10655
0
0
0
0
-278
0
-320
0
-814
-32
0
0
0
0
0
0
-13
0
-344
0
0
0
1662
456
0
0
0
5860
1514
0
0
0
0
0
415
82
0
0
0
0
52
0
1289
0
0
0
0
-482
0
-200
0
0
0
-944
-926
0
-4345
-89
0
0
-156
-364
0
234
0
738
370
0
-304
0
0
0
-688
-583
0
0
0
-138
0
-6368
172
0
4694
0
0
-252
0
-1136
0
0
0
0
-1048
0
-92
0
0
-3
0
-1286
0
0
0
-346
-166
0
-1054
0
0
0
0
-244
0
483
0
424
0
-1168
1670
257
547
0
0
106
0
2220
0
0
-772
0
-130
0
0
0
476438
261
0
0
0
228
0
0
-8
0
0
0
-1920
72
0
0
0
-2
0
0
-204
0
-284
0
0
-668
0
895
0
0
0
1236
2
0
230
0
-166
0
0
-155
0
0
0
2238
-6
0
0
0
-34
0
0
1
0
383
0
0
-8
0
139
0
0
0
-595
807
0
0
0
2167
0
0
469
0
-35
0
0
-221
0
-5726
0
0
0
0
-353
0
-1058
0
0
250
0
-580
0
3786
0
0
105
0
-133762
0
0
0
0
-504
1308
504
0
0
290
0
234
0
0
0
0
90
0
-594
0
-3152
23
0
0
0
-2743
0
0
44
0
361
0
0
0
0
-13
0
-146
0
-337
-763
0
-393
0
0
0
0
-136
0
191
0
8262
-1118
0
0
0
0
0
-1292
-196
0
4144
0
0
0
0
-1090
0
-1018
0
0
-84
0
0
0
-768
0
0
-330
0
0
0
-1314
4
0
-136
0
2228
0
0
214
0
1916
0
0
0
0
804
0
-490
0
0
-106
0
128
0
0
0
0
-24
0
738
0
0
-78
0
-312
0
0
0
0
-119
0
0
0
-416
0
119
782
0
-2565
0
0
6
0
20
0
-626
0
0
15
0
-636
0
0
-149
0
54
0
0
0
0
23
0
810
0
0
0
0
-36
0
-1122
0
0
481
0
-912
0
0
0
0
351
0
54
0
0
-96
0
-1530
0
0
0
0
-172
0
417
0
0
0
0
-34
0
-273
0
0
-786
0
-2793
0
0
0
0
12
0
-1136
0
0
-710
0
-235
0
0
0
0
1021
0
-46
0
0
368
0
-256
0
0
0
0
86
0
838
0
-15
0
372
1016
0
-203
0
-924
-192
0
0
0
-536
0
1628
104
0
0
0
-1645
-132
0
0
0
0
0
632
14
0
0
0
1036
0
0
170
0
-3176
0
0
-602
0
2094
0
0
0
0
232
0
1010
0
0
52
0
-279
0
0
0
0
-240
0
954
0
0
0
-1646
276
0
0
0
-185
14
0
0
0
0
0
-516
288
0
7640
0
0
-980
0
-374
0
0
0
0
-606
0
801
0
0
0
0
406
0
-768
0
-680
518
0
0
0
0
0
-3416
-888
0
0
0
0
-741
0
177
0
0
0
-2468
-162
0
-871
0
0
0
-1387
82
0
0
0
0
-4
0
-648
254
0
522
158
1786
2188
1026
0
0
852
0
-68
0
0
0
0
25
0
-46
0
0
-752
0
560
0
0
0
0
-660
0
660
0
0
0
0
418
0
-2274
0
-190
-138
0
0
0
0
0
26
-1602
0
0
0
0
-184
0
104
0
-64
0
0
26
0
-1014
0
0
0
0
-470
0
-334
0
0
-164
0
50
0
0
0
-444
-60
0
0
0
0
143
0
263
0
370
0
1022
456
0
0
0
18
0
0
26
0
1176
0
0
342
0
0
0
-2960
0
0
4
0
-838
0
-264
392
0
1052
0
0
0
458
0
-1764
151
0
-198
0
-538
137
0
-1046
0
0
532
0
-256
0
0
0
0
249
0
-696
0
0
-879
0
1984
0
0
0
0
964
0
-80
0
0
0
0
68
0
772
0
0
-14
0
-4507
0
0
0
0
-272
0
308
0
0
506
0
0
0
-2732
0
0
-716
0
1720
0
0
0
967
1430
0
0
0
0
-1420
0
82
0
-1396
0
0
-102
0
0
0
-596
192
0
-10
0
0
0
-1885
-888
0
0
0
0
-2608
0
252
0
0
0
1550
1002
0
0
0
1790
0
0
28
0
-640
0
0
-108
0
0
192
52
0
-66
124
0
-445
0
0
1025
0
1976
0
0
0
0
-40
0
-3442
0
0
0
0
-470
0
-1292
0
0
60
0
-528
0
3709
0
0
-219
0
-3060
0
0
-98
0
568
0
0
0
0
-6
0
-291
0
0
0
-901
266
0
0
0
0
-146
0
-4
0
-6091
0
0
220
0
1863
0
0
266
0
-2584
0
0
0
0
606
0
125
0
0
0
0
-1168
0
-122
0
-195391
-314
0
0
0
-504
0
0
-359
0
-1908
0
0
-56
0
-2528
0
0
0
0
380
0
-432
0
0
0
242
240
0
0
-3416
-770
-548
0
-382
0
0
0
2234
-2391
0
0
0
0
-277
0
-91
0
0
0
32
-50
0
2626
0
0
0
-896
-1908
0
198
0
0
-878
0
-3942
0
0
0
0
-174
0
-1192
0
0
-232
0
-478
0
0
0
0
-1356
0
-2470
0
0
0
0
-114
0
925
0
0
-302
0
-756
0
0
0
0
314
0
770
0
0
-800
0
0
0
416
0
0
21
0
0
0
1270
0
0
309
0
-2308
0
0
452
0
3314
0
0
0
-76
0
0
30
0
90
0
0
322
0
120
0
1350
-70
0
0
0
-897
0
104
-84
0
0
0
0
-1363
0
946
0
0
0
-424
-338
0
-134
0
0
78
0
553
0
0
0
0
241
0
22
0
1224
0
0
-141
0
-940
0
1399
492
0
0
0
-195
0
0
147
0
-303
0
0
552
0
-206
0
0
0
0
-15
0
-218
0
0
0
1042
48
0
950
0
0
448
0
1456
0
0
0
0
873
0
72
0
0
-748
0
-228
0
0
0
0
1383
0
146
0
0
0
-795
-910
0
0
0
0
6
-136
-32
0
0
0
806
955
0
0
0
0
1882
0
-2943
0
0
0
1590
340
0
0
0
0
-1190
0
-123
0
0
0
-3200
114
0
0
0
0
0
1624
514
0
0
0
-294
98
0
0
0
-942
0
0
215
0
0
0
480
226
0
-1132
0
0
0
0
-52
0
-1416
0
0
0
0
94
0
-2216
0
0
-154
0
-902
0
0
0
0
-222
0
-1074
0
0
825
0
-4
0
0
0
0
-70
0
-311
0
0
0
1161
-318
0
0
0
0
-6
0
1701
0
0
0
0
-480
0
-638
0
0
-1466
0
305
0
278
0
0
-311
0
209
0
0
0
-986
-240
0
0
0
-3470
-20
0
0
0
3672
166
-441
-214
0
-376
0
294
131
0
0
0
831
0
0
526
0
3834
0
0
147
0
0
0
-311
0
0
-200
0
559
0
0
0
0
-304
0
-388
0
0
242
0
240
0
1530
0
0
-3
0
-4261
0
0
62
0
0
0
1793
0
0
114
0
0
0
0
0
-2292
-470
0
0
0
3911
70
0
0
0
0
0
664
-100
0
0
0
1783
-322
0
0
0
-138
0
0
256
0
8
0
-37
0
0
-83
0
414
0
0
204
0
596
0
-658
38
-421
0
270
-3362
645
-58
0
-104
1321
0
-2406
0
0
-35
-86
51
0
-1634
540
0
1881
0
0
0
0
0
0
70
1106
-187
0
114
0
5594
1279
0
0
0
-206
138
0
0
0
46
0
0
-212
0
-1306
0
0
166
0
-1992
0
0
0
0
-279
0
488
0
0
0
-731
-242
0
0
0
2116
0
0
1036
-1710
-408
0
-302
-261
0
19
0
0
180
0
-20
0
-1012
0
0
-144
0
-2298
0
0
0
0
-311
0
284
0
0
-18
0
-1850
0
0
0
0
-415
0
-2423
0
0
825
0
-1715
0
0
0
-1648
-219
0
0
0
-24
0
0
-466
0
-137
0
4188
178
0
0
0
-4172
0
0
-104
0
14148
0
0
-1058
0
392
0
0
0
0
170
0
2424
0
0
0
-8934
1178
0
0
0
0
372
0
2046
0
0
0
25184
12
0
0
0
0
-346
0
2916
0
0
0
4413
322
0
0
0
3810
0
0
-84
0
0
0
-522
-804
0
-799
0
6320
0
0
-1570
0
1876
0
0
566
0
0
0
5551
0
0
-171
0
-2390
0
0
0
0
448
0
548
0
0
3256
0
334
0
0
0
0
627
0
-10
0
-22
140
0
0
0
0
0
532038
-500
0
0
0
2614
-2322
0
0
0
-3292
0
0
-13
0
613
0
0
0
2814
1128
0
0
0
0
396
0
-1582
0
0
0
0
70
0
4892
0
0
-1104
0
216
0
1052
0
0
-635
0
-2038
0
0
0
5282
4
0
-283
0
-2833
1534
0
-3662
0
0
0
0
1444
0
-1476
0
0
2874
0
-662
0
0
0
0
-380
0
3
0
1024
0
-1140
2306
0
0
0
-734
-926
0
-4530
0
0
0
0
-756
0
564
0
0
2302
0
2212
0
0
0
0
-221
0
1476
0
0
0
0
-1024
0
-717
0
0
250
0
-895
0
0
0
0
444
0
-1409
0
0
-384
0
458
0
0
0
-2945
21
0
0
0
0
0
-8408
1419
0
0
0
77
-1036
0
-4762
0
0
0
0
-888
0
3904
0
0
1888
0
-2010
0
0
0
0
2368
0
-3694
0
0
0
0
700
0
790
0
2369
581
0
-13266
0
0
0
0
86
0
-809
-906
9538
0
-5
-1732
0
2657
0
300
1034
0
0
0
326
-1840
0
1981
0
0
0
0
279
0
-2884
0
0
0
0
-2468
0
-548
0
0
-2827
0
-534
0
0
0
-440
-322
0
8814
0
0
-3577
0
0
0
0
0
912
-1666
0
-410
0
0
0
0
1115
0
638
0
2437
-698
0
0
0
0
0
2540
1
0
-32
0
-2976
-338
0
0
0
0
0
0
2467
0
1338
0
8768
0
0
-525
0
0
0
0
580
0
-2074
0
0
0
-3409
-894
0
0
0
-786
-658
0
-1914
0
0
0
0
406
0
1358
0
0
0
-337
0
-320
222
0
1167
242
0
734
0
-4062
0
0
-1214
0
370
0
0
-216
0
2942
0
0
0
0
-688
0
-978
0
0
92
0
0
0
-3411
0
0
660
0
5555
0
0
0
0
-102
0
0
0
-42
948
0
254
0
0
0
0
-236
0
-2488
0
0
42
0
130
0
0
0
7963
268
0
0
0
0
0
1812
-126
0
4266
0
0
-401
0
-8726
0
0
0
0
250
0
1648
0
0
-188
0
0
0
7267
0
0
2709
0
-742
0
0
0
0
-1189
0
642
0
-1624
146
0
2948
0
0
0
0
-998
0
83
3796
1526
-125
0
2212
0
0
0
0
-10
0
1316
0
0
0
2595
-384
0
326
0
1485
-766
0
0
0
-1635
0
0
-224
0
0
0
-166
104
0
0
0
0
0
1018
-16
0
3390
0
0
0
0
-102
0
-2240
0
0
-3098
0
-6490
0
0
0
0
-46
0
214
-68
-1163
1280
0
-108
0
-1926
0
0
1232
0
-2171
0
0
-492
0
1691
0
0
0
-728
574
0
0
0
-3180
0
0
186
0
0
0
0
-162
0
-36
0
0
0
0
1390
0
10492
0
0
-590
0
-1786
0
0
0
0
306
0
-1892
0
0
-262
292
10867
36
1524
0
0
-246
0
-780
0
0
0
0
44
0
-268
0
0
-1558
0
3500
0
887
0
0
-217
0
1042
0
-7908
0
0
-260
0
91709
0
0
2624
0
4110
0
0
0
-6816
-230
0
0
0
819
-530
0
0
0
5048
0
0
-220
0
-1393
0
0
0
0
702
0
-571
0
7643
-1190
0
-4447
0
0
0
0
-194
0
953
0
0
-130
0
626
0
0
0
-8936
3678
0
0
0
1486
0
0
2048
0
-3886
0
0
27
0
894
0
-2942
0
0
1252
0
7127
0
0
343
0
0
0
6324
0
0
-146
-78
2522
-863
-2178
0
0
-296
0
-2992
0
0
770
0
-4272
0
0
0
0
1210
0
3320
0
-10068
3616
0
0
0
0
0
-120
-1554
0
-1712
0
0
1498
0
-80
0
0
0
0
8
-3264
93
0
-2886
0
0
1116
0
-756
0
0
286
0
0
0
3933
0
0
98
0
0
0
0
105
0
-838
0
0
0
588
-100
0
0
0
-28899
0
0
688
0
0
0
-1825
1066
0
137
0
0
0
0
-149
0
-1169
0
0
-2027
0
-3368
0
0
0
0
-212
0
3136
170
411
-1681
0
2968
0
0
0
324
-1654
0
4802
0
0
0
0
-571
0
697
0
0
0
0
851
0
705
0
-320
50
0
0
0
0
0
580
-2174
0
0
0
0
-271
0
-870
0
0
0
-1412
2669
0
5836
0
0
0
0
138
0
-424
0
0
-295
0
2207
0
0
0
0
648
0
1470
0
0
-1281
0
-1066
0
0
0
1638
-868
0
600
0
0
0
2290
370
0
0
0
0
10
0
2397
0
0
0
0
-400
0
-2214
0
3666
-1110
0
822
0
0
0
0
-878
0
1118
0
0
0
0
-614
0
-1249
0
0
-1917
0
201
0
-5233
0
0
-232
0
-850
0
-11366
0
9438
0
2
0
-2330
582
4566
-8252
-382
0
0
-2292
0
-6
0
0
0
-7232
-124
0
0
0
6764
0
0
-854
0
4326
0
0
-544
0
0
0
0
0
0
1173
0
-2077
0
-7449
-412
0
0
0
7542
0
0
-719
0
-2533
0
0
0
-9352
-338
0
5523
0
0
678
0
-3719
0
0
0
0
-146
0
-732
0
0
379
0
431
0
0
0
0
1449
0
-835
0
0
0
0
319
0
846
0
0
1318
0
3010
0
0
0
0
-2014
0
-738
0
0
104
0
992
0
0
0
5420
-1514
0
372986
0
0
0
0
-666
3296
-268
0
3553
-2502
0
0
0
6106
0
0
1392
0
-1828
0
0
-126
0
0
0
-3462
0
0
-1112
0
-3269
0
0
0
0
-851
0
1384
0
117
1298
0
-566
0
0
0
0
-120
0
-346
0
0
-890
0
-1019
0
0
0
0
-754
0
-282
0
0
16
0
-1181
0
0
0
0
0
1378
600
0
-198
0
0
554
0
458
0
3444
0
0
-602
0
-7385
0
0
0
0
145
0
272
0
0
770
0
-1211
0
0
0
0
627
0
2667
0
0
-1650
0
3796
0
0
0
0
-594
0
419
0
0
0
1665
1390
0
0
0
902
346
0
0
0
14091
0
0
-2390
0
6145
0
0
-1478
0
4340
0
0
0
-2397
-920
0
2420
0
0
1798
0
3038
0
0
0
0
1461
0
2540
0
0
0
1656
371
0
0
0
-7878
15
0
0
0
0
0
9681
2468
0
0
0
0
495
-1577
0
-446
1002
0
-388
146
0
183
0
-240
0
0
108
0
-4818
0
0
3192
0
6120
0
0
0
0
-442
0
-1600
0
0
-1430
0
94
0
0
0
2312
-1012
0
0
0
3018
0
0
1041
0
3238
0
0
196
0
0
0
8286
0
0
348
0
344
0
-3648
1085
0
0
0
4810
0
0
644
0
0
0
-29804
0
0
90
0
0
0
-219324
608
0
0
0
0
0
3510
-473
0
0
0
0
-383
0
-4432
0
0
0
-6196
-180
0
0
0
-2002
0
0
893
0
160
0
0
-1260
0
16500
0
0
0
0
794
0
0
2312
0
0
0
0
0
0
0
5764
-216
0
0
0
-5748
0
0
96
0
0
0
3438
156
0
0
0
-3572
0
0
900
0
771
0
0
0
-1834
340
0
0
0
669
-848
0
0
0
-6300
0
0
926
0
-2758
0
0
658
0
-1924
0
0
0
0
1968
0
3580
0
0
0
-5356
-248
0
0
0
-1473
77
0
0
0
0
0
950
2432
0
3340
0
0
68
0
-3555
0
0
0
0
590
0
-914
0
0
0
0
-430
0
-5305
0
0
-94
0
-303
0
0
0
0
-571
0
586
0
0
-103
0
-2436
0
0
0
0
-136
0
0
0
-3448
0
0
-344
0
2420
0
0
-1249
0
3653
0
0
0
-2718
1453
0
1030
0
0
-1688
0
3226
0
0
0
8143
684
0
0
0
0
0
-2380
906
0
0
0
-8710
-112
0
0
0
5456
0
0
-752
0
9397
0
0
-338
0
0
0
-4762
0
0
-236
0
0
0
0
260
0
-9078
0
0
0
0
-970
0
3769
0
0
0
0
-430
0
-1096
0
-866
470
0
0
0
-2092
0
0
55
0
13554
0
0
-686
0
0
0
0
0
6968
-264
0
0
0
-6056
647
0
0
0
560
0
0
-796
40
-3296
0
3112
0
-1748
944
0
0
0
-758
-118
0
-19956
0
0
0
0
364
0
-1232
0
0
-774
0
-2896
0
0
0
350362
-569
0
859
0
0
0
0
1292
0
2192
0
0
77
0
0
0
3267
0
0
1288
0
0
0
-1780
35
0
10409
0
0
0
0
634
0
80
0
0
0
0
-88
0
-6588
0
0
-280
0
-246
0
0
0
-8477
-2022
0
0
0
0
-48
0
-802
0
0
0
0
-955
0
1346
0
0
0
0
-725
0
-294
0
0
-1110
0
-372
0
-1470
0
0
-243
0
846
0
0
1186
0
-2572
0
2822
1197
-2954
570
0
505
0
0
0
0
1237
0
-166
0
0
2333
0
-1593
0
0
0
0
-2110
0
-1771
0
-9482
-4388
0
0
0
0
0
-1010
842
0
0
0
164
0
0
-1200
0
0
0
11644
140
0
0
0
0
0
0
-944
0
-262
0
0
-280
0
1261
0
0
0
4838
398
0
0
0
-8491
0
0
-622
0
0
0
-3148
518
0
0
0
-535
1134
1128
126
12523
4250
0
0
0
8309
1810
0
0
0
-44
-58
0
0
0
0
0
3516
-1897
0
-334
0
0
1341
0
1344
0
0
0
0
55
0
-1322
0
0
533
0
518
0
-428
0
0
-826
0
-8090
0
0
0
0
370
0
-5442
0
0
486
0
-943
0
-4303
0
0
-17
0
-1044
0
0
-708
0
60
0
0
0
-3430
403
0
0
0
914
0
0
2140
0
2305
0
0
-76
0
-5948
0
0
0
0
-496
0
881
0
0
980
0
-4956
0
0
0
5178
-1346
0
-5052
0
0
0
2706
3522
0
0
0
0
239
0
-302
0
-3701
0
0
-870
0
3026
0
0
-816
0
3824
0
0
0
0
375
0
-2074
0
0
0
4828
511
0
-1610
0
0
1600
0
0
0
-16744
0
0
476
0
0
0
0
-190
0
-938
0
0
0
-3322
830
0
0
0
-1544
-276
0
0
0
5058
0
0
-194
0
-3583
0
0
0
-488
86
0
-568
0
1594
579
0
0
0
-7650
0
0
-285
0
3700
0
0
-1200
0
-1506
0
0
0
-3562
-1114
0
0
0
120
0
0
-12
0
-3766
0
0
-420
0
-1418
0
0
0
-2033
-585
0
2248
0
0
-569
0
-1726
0
0
0
-5788
87
0
0
0
510
0
0
2516
0
3356
0
0
856
0
1594
0
0
0
0
-1074
0
-528
0
2932
-276
0
-2705
0
0
0
0
432
0
1428
0
0
0
0
-342
0
0
0
-7574
-120
0
0
0
942
0
0
-1820
0
0
0
3847
-889
0
0
0
-26
0
0
-55
0
0
0
1587
0
0
1986
0
2018
0
-616
-1876
0
60
0
0
0
0
140
0
-1487
0
0
-760
0
1670
0
0
0
0
-38
0
-1322
0
1520
0
0
-130
0
615
0
0
-335
0
0
0
-3522
0
0
-40
0
-160
0
0
-748
0
0
0
392
0
0
1068
0
593
0
0
0
0
242
0
666
0
0
-442
0
2131
0
0
0
-1470
287
0
0
0
-2165
816
0
0
0
-2319
0
0
0
0
0
0
0
0
0
1140
0
-3211
0
0
-144
0
-2126
0
0
0
0
244
0
350
0
0
357
0
-436
0
0
0
-11042
-41
0
0
0
1684
0
0
542
0
0
57
517
0
-192
-448
5092
0
0
838
-728
-1708
-32
0
2538
0
0
-100
0
0
7472
0
0
0
0
0
0
0
-8714
-300
0
0
0
1600
0
0
-1598
0
2174
0
0
-406
0
-1933
0
0
0
0
-932
0
-805
0
0
0
4960
446
0
-78542
0
0
-570
0
0
0
929
0
0
1358
0
-2440
0
0
423
0
-1340
0
0
0
-824
1092
0
-324
0
0
0
9428
66
0
0
0
2420
-772
0
0
0
0
0
-3617
2044
0
0
0
503
-22
0
0
0
-4996
0
0
-652
0
0
0
-2198
0
0
203
0
-2561
0
0
614
0
3728
0
0
0
2622
-756
0
-5929
0
0
2938
0
12073
0
0
-6750
-198
237
0
326
0
23897
0
0
-2186
0
-2342
0
0
-727
0
1256
0
0
0
0
-1610
0
1780
0
0
12
0
-1594
0
0
0
0
-626
0
697
0
0
0
-677
1364
0
0
0
-8956
-350
0
0
0
-4436
0
0
-1884
0
674
0
0
-256
0
6937
0
0
0
0
280
0
2696
0
0
-258
0
532
0
0
0
0
-794
0
0
0
3416
0
0
1766
0
2740
0
-3538
0
0
-2030
0
4914
0
0
0
637312
132
0
0
0
3106
3223
0
0
0
4352
0
0
-151
0
1056
0
0
-266
0
-3199
0
0
0
0
-279
0
-288
0
0
-284
0
912
0
0
0
-9343
-3692
0
0
0
-17784
0
0
-500
0
-893
0
-10130
262
0
0
0
-1237
0
0
-884
0
197
0
-1857
-1524
0
0
0
-7076
0
0
158
0
614
0
0
0
0
722
0
1378
0
-3968
112
0
0
1831
2220
926
-218
171
0
1584
0
0
-2517
0
-3773
0
-246
0
-4464
-1938
0
-1930
0
0
0
0
-384
0
-4852
0
0
683
0
-802
0
0
0
-3597
-716
0
0
0
0
-696
0
2105
0
0
0
1196
-552
0
0
0
0
0
6634
-364
0
0
0
0
382
0
2078
0
0
0
7766
540
0
0
0
0
140
0
-1059
0
0
0
16123
-1376
0
0
0
0
0
-5756
264
0
0
0
-2217
1850
0
0
0
-26403
0
0
-116
0
551737
0
0
17
0
0
0
-5592
0
0
989
0
682
0
0
0
0
-1888
0
0
0
0
0
0
0
0
-219
0
0
-1386
0
423
0
0
0
0
1719
0
-372
0
0
-78
0
3543
0
0
0
0
873
0
-3332
0
0
-371
0
-563
0
0
0
0
-1456
0
-383
0
0
0
364
1736
0
0
0
-252
450
0
-650
0
0
0
-2952
186
0
0
0
-990
-250
0
-1168
0
0
0
0
-1194
0
0
0
4494
0
0
1934
0
-5169
0
0
-1330
0
-6982
0
0
0
0
-854
0
4574
0
0
502
0
-10068
0
0
0
774
430
0
-169
0
0
0
0
-1456
0
5898
0
0
675
-1042
422
0
-3650
0
0
0
0
0
0
0
48
0
-2283
0
0
0
13476
-1126
0
0
0
-1698
0
0
-254
0
1120
0
0
27
0
-2367
0
0
0
-18346
-230
0
0
0
118
101
0
-12578
0
0
0
0
922
0
930
0
0
0
-13794
226
0
-3550
0
0
-153
0
5074
0
0
0
-4902
-570
0
0
0
0
-392
0
-238
0
0
0
-8316
944
0
64406
0
0
0
0
178
0
4726
0
0
-190
0
17704
0
0
0
0
-112
0
149
0
0
-126
0
-2997
0
0
0
-7784
460
0
19176
0
0
0
0
-3124
0
-280
0
0
-181
0
-6386
-4536
95
650
0
2058
0
0
0
0
-80
0
1558
0
0
0
-142
-198
0
-1160
0
265
-644
0
0
0
1816
0
0
-1700
0
5292
0
0
879
0
-2074
0
0
0
2947
128
0
0
0
-1140
0
-16366
-100
0
0
0
-24
-24
0
-444
0
0
0
0
-316
0
-23
-877
314
-838
0
446
0
0
0
0
1174
0
-2023
0
-1122
0
0
-1252
0
1403
0
0
720
0
838
0
0
0
0
-787
0
-36
0
0
-392
0
-627
0
0
0
0
630
0
-34
0
1402
0
0
-894
0
-6214
0
0
-251
0
67597
0
0
0
-661
496
0
-181
0
0
262
0
-8
0
0
0
-1246
-220
0
0
0
1534
0
0
-89
0
6742
0
0
-230
0
2054
0
0
0
0
100
0
-281
0
0
86
0
-1508
0
0
0
0
348
0
754
0
0
0
3464
-1524
0
0
0
3997
575
0
1362
0
0
0
0
814
0
-4824
0
0
-116
0
1623
0
0
0
0
-89
0
-1288
0
0
0
-853
68
0
0
0
-3304
-377
0
0
0
-782
0
0
601
0
0
0
0
-97
0
1332
0
448
0
0
1078
0
-1043
0
0
0
4218
-718
0
2571
0
0
-1178
0
-1222
0
0
0
1266
-2088
0
0
0
3798
-342
0
-1270
0
0
0
5826
2814
0
0
0
0
0
2172
228
0
-2492
0
0
242
0
-280
0
0
0
0
-288
0
394
0
0
206
0
-4532
0
0
0
0
-1620
0
-1826
0
0
0
-912
122
0
-522
0
0
397
0
-374
0
0
0
2204
-667
0
0
0
6555
-3106
0
0
0
0
0
-38
546
0
-2532
0
0
0
0
184
0
3363
0
0
-982
0
9198
0
0
0
0
-340
0
-1157
0
2750
-1454
0
0
0
-2372
0
0
-58
0
261
0
0
332
0
0
0
482
-835
0
0
0
0
0
0
0
0
-926
0
1352
0
16
-1798
0
0
0
710
0
0
-824
0
0
0
5912
-1062
0
310
0
0
0
0
-2692
0
-5529
0
0
0
0
174
0
-1164
0
0
-2989
0
-26
0
0
0
0
2
0
108
0
234
-1563
0
10367
0
0
0
475
-136
0
834
0
0
0
0
-2
0
1008
0
0
606
0
-1722
0
0
0
0
227
0
-246
0
0
-115
0
1143
0
0
0
0
-275
0
557
0
-850
0
0
-663
0
478
0
8780
1182
0
0
0
-116
0
0
-980
0
-56
0
0
-498
58
325
0
474
0
-214
-288
0
3099
0
0
-1345
0
309
0
0
0
-7464
-970
0
0
0
735
0
0
5
0
-20
0
-276
105
0
-1438
0
0
0
0
-1850
0
-1845
0
0
-834
0
-252
0
0
0
-166
-224
0
0
0
-5724
0
0
-34
0
6384
0
0
982
0
1985
0
0
0
0
-466
0
-316
0
0
-596
0
710
0
0
0
0
1256
0
4025
0
8453
0
0
-2485
0
3180
0
0
62
0
-8154
0
0
0
0
4
0
-1578
0
-350
246
0
2229
0
0
0
2900
128
0
0
0
1522
0
0
-1966
0
-2296
4010
-1568
1137
0
39
0
0
0
-3286
1276
0
0
0
-650
-2503
0
-2132
0
0
0
0
514
0
-1424
0
0
0
-1224
1860
0
-208
0
0
276
0
-388
0
0
0
5410
606
0
0
0
-3842
-160
0
-8773
0
0
0
0
200
0
2656
0
0
0
6912
413
0
958
0
0
-636
0
24
0
0
0
0
-945
0
6356
0
0
-364
0
2159
0
0
0
0
-905
0
628
0
-11143
0
0
-581
0
2528
0
0
1327
0
13431
0
0
0
0
82
0
-2096
0
-163
538
-106
0
0
0
0
0
1048
0
-1319
0
-4942
-80
0
1256
0
514
0
0
-1476
0
920
0
-58
0
0
-152
0
-404
0
0
571
0
72
0
0
0
-7405
-883
0
0
0
1116
503
0
-6404
0
0
0
0
436
0
-218
0
0
0
9634
534
0
0
0
0
653
0
30
0
0
0
3309
352
0
0
0
-1032
-357
0
-3946
0
0
0
0
476
0
-2576
0
0
0
3046
245
0
0
0
14322
788
0
0
0
3436
0
0
425
0
0
0
6420
299
0
0
0
426615
0
0
-1584
0
0
0
-1073
0
0
1172
0
577
0
0
94
0
-516
0
-430
0
2328
240
0
0
0
1200
256
0
0
0
2776
0
0
956
0
-1473
0
0
0
0
806
0
0
0
0
0
0
0
0
-260
1045
816
0
-351
0
1834
-438
444
270
39
-1387
0
-6137
0
0
0
0
130
0
-12
-396
0
630
0
-434
2272
786
0
0
196
0
9098
0
0
-608
0
-350
0
358
0
1127
22
0
1132
0
0
0
-457
-297
0
-1784
0
0
-684
0
1040
0
0
0
1132
-1178
0
0
0
0
-1282
0
150
0
149
0
0
884
0
-1726
0
0
0
0
29
0
1695
0
0
-38
0
-556
0
0
0
814
-63
0
0
0
-3713
-182
0
3320
0
0
0
0
466
0
-2962
0
0
0
8847
-1050
0
-493
0
0
-20
0
7246
0
0
0
0
-48
0
-212
0
-4184
-1042
0
0
0
-4089
0
0
84
0
-842
0
0
0
906
2511
0
0
0
0
-772
-4760
0
50
-2122
-2391
258
-56
0
-12255
0
0
-820
0
-1500
0
-9279
0
0
2125
0
-442
0
-359
1190
0
544
0
-84
0
0
-686
0
470
0
0
0
0
80
0
284
0
-526
222
0
0
0
2163
0
0
-320
0
0
0
-85
-344
0
0
0
-4368
0
0
-566
0
179
0
0
0
0
120
0
-1046
0
4116
168
0
0
0
-1348
0
0
-88
0
0
0
-590
-123
0
544
0
0
0
0
-428
0
-84
0
0
0
0
-26
0
479
0
0
626
0
0
0
87
0
0
-2256
0
-278
0
0
-64
0
5673
0
1362
1684
126
-541
0
-7242
0
0
0
0
-434
0
1677
0
0
101
0
1202
0
0
0
0
-148
0
-342
0
2182
25
0
0
0
0
0
0
152
0
-10
0
0
0
0
-1500
0
-2164
0
0
-116
0
152
0
0
0
0
-392
0
209
0
0
195
0
1432
0
0
0
-2379
568
0
0
0
-599
0
0
608
0
180
0
0
-1238
0
529
0
0
0
0
26
0
274
0
0
-1143
0
-305
0
102
0
600
-198
0
0
0
0
-1098
0
670
0
0
0
-50
-2166
0
-2917
0
0
0
760
-1377
0
470
0
0
0
2068
-116
0
-1322
0
-272
887
0
-278
0
0
-872
0
-205
0
0
0
7886
286
0
0
0
0
0
-2722
-356
0
-9444
0
0
63
0
0
0
-528
0
0
-510
0
-589
0
0
-366
0
722
0
0
0
0
6
0
-1689
0
338
0
0
526
0
-1312
0
0
-20
0
0
0
-295
0
0
-118
0
-1858
0
0
379
0
-176
0
0
0
0
1254
0
-16
0
0
0
536
128
0
0
0
0
457
0
1568
0
0
0
2250
-2790
0
0
0
0
-1182
0
45
0
0
0
-5141
-746
0
0
0
0
0
0
36
0
210
0
0
-146
0
1724
0
0
0
0
-178
0
4592
0
0
1168
0
-1436
0
0
0
0
-1070
0
-30
0
0
0
-6021
122
0
0
0
0
202
0
1613
0
0
0
0
650
0
1003
0
0
88
0
0
0
-301
0
0
-338
0
-1858
0
0
0
-470
322
0
0
0
3547
-1684
0
-7047
0
0
0
1560
-787
0
0
0
-5610
-347
0
0
0
-1102
0
0
-594
0
4350
0
0
0
0
281
0
2673
0
0
234
0
16
0
0
0
6522
331
0
0
0
0
-96
0
-1594
0
0
0
4452
82
0
0
0
2712
0
0
-231
0
-352
0
0
-787
0
-4712
0
0
0
0
-1010
0
-2308
0
0
154
0
-564
0
0
0
0
-22
0
183
0
0
0
0
243
0
-2108
0
0
356
0
0
0
-1922
0
0
-30
0
0
0
-72
1280
0
0
0
0
0
-304
1016
0
0
0
0
0
0
142
0
2560
0
0
-616
0
-1922
0
0
0
0
203
0
240
0
0
602
0
6572
0
0
0
0
-748
0
-1574
0
0
0
-2727
1226
0
0
0
0
-116
0
409
0
0
0
0
820
0
-730
0
0
-2598
0
2516
0
0
0
0
0
0
-5982
0
0
-534
0
202
0
0
0
0
568
0
1603
0
0
0
-4164
946
0
-930122
0
0
1660
0
-1993
0
0
0
6128
5
0
-20
0
-8410
-311
0
-122
0
316
0
0
-229
0
-20
0
0
0
0
-670
0
5274
0
0
92
0
8766
0
0
0
0
366
0
0
0
-1180
-25
0
0
0
-1500
0
0
-198
0
-2726
0
0
0
0
3
3404
432
0
0
696
0
5798
0
-5536
0
0
361
0
357
0
0
130
0
-1611
0
0
0
0
636
0
-1014
0
0
0
-1326
-566
0
1850
0
0
780
0
-119275
-127
2220
0
132
1579
0
1690
0
-4915
310
0
0
0
-3271
0
0
1944
0
1325
0
0
62
0
110
0
0
0
0
606
0
3222
0
0
0
0
-594
0
-2983
0
0
116
0
0
0
-2080
0
0
1394
0
0
0
5452
824
0
0
0
0
0
-1814
-550
0
0
0
694
0
0
-622
0
-717
0
-3102
334
0
2
0
74
0
0
60
0
3436
0
0
-50
0
295
0
0
0
0
162
0
151
0
0
0
-4210
-98
0
0
0
-14287
-2114
0
0
0
550
0
0
-330
0
-988
0
6449
-516
0
0
0
0
0
98
-923
-1326
1266
0
0
0
-2271
1167
0
875
0
0
0
13114
-820
0
0
0
0
296
0
-31
0
0
0
4582
4
0
201
0
0
-838
0
2089
0
2987
0
0
116
0
0
0
4230
0
0
412
0
-469
0
0
487
0
1534
0
21
0
0
4
0
398
0
0
-895
0
-682
0
0
0
-94
-808
0
-5610
0
0
0
0
318
0
1846
0
0
174
0
3184
0
0
0
0
8
-2846
-156
0
-26
-289
0
0
0
2684
0
0
14
0
246
0
0
0
0
996
0
616
0
0
576
0
4970
0
0
0
0
-967
0
106
0
-2726
-513
0
0
0
0
-1052
0
3066
0
-5352
0
0
-674
0
-6430
0
0
0
2242
-90
0
0
0
-5537
532
0
0
0
244
0
0
256
0
1293
0
0
-1440
0
-1324
0
0
0
-4167
-129
0
-2105
0
0
0
0
-1436
0
1277
0
0
1176
0
5796
0
0
0
0
705
0
-1248
0
0
-83
0
-441
0
0
0
3364
-449
0
0
0
-483
0
4807
-647
0
-1482
0
0
2398
0
-1339
0
0
0
3488
-288
0
0
0
1202
582
0
0
0
-466
0
0
464
0
2580
0
0
0
0
0
0
-17
0
0
-1306
0
0
0
-26
0
1945
283
481742
-322
0
-1758
0
-673
366
0
0
0
312
8
0
246
0
628
0
0
263
0
70
0
-428
0
0
-174
0
445
0
0
-988
0
-476
0
0
0
88
1967
0
0
0
0
-230
0
1992
0
0
0
-152
-1682
324
-1390
1586
22
0
0
14
0
-248
0
0
-14
0
-376
0
0
0
59
-1130
0
0
0
1580
-244
0
842
0
0
0
-339
1354
0
0
0
0
0
22
210
0
-9474
0
0
832
0
5062
0
0
0
0
-282
0
0
0
685
0
2251
-995
0
0
0
-76
0
-188
33
0
0
0
-3178
89
0
5549
0
310
0
0
286
0
0
0
-419
344
0
0
0
0
0
-2542
-18
0
0
0
-8388
0
0
1253
0
-3294
0
0
-141
0
2
0
795
0
3175
22
0
-370
0
0
-454
0
-746
0
0
0
-441
1302
702
486
-758
129
560
0
0
0
-2158
0
0
-1702
0
3260
0
0
3
0
218
0
-54
0
0
69
0
0
0
6239
0
0
374
0
-8956
0
0
64
0
4094
0
0
0
-2607
-114
0
0
0
-6127
314
0
0
0
-756
0
0
211
0
-2576
0
0
0
0
171
0
-1515
0
0
-13
0
1218
0
0
0
0
-1210
0
34
0
0
-502
0
-94
0
0
0
1850
42
0
0
0
0
0
0
-266
0
184
0
0
22
0
506
0
0
0
0
-470
0
57
0
0
170
0
-2389
0
0
0
0
552
0
1520
0
-2625
-44
-104
-346
0
2488
0
0
-366
0
292
0
0
0
-1464
96
0
0
0
3898
-1074
0
256
0
0
0
0
-565
0
-278
0
706
-266
0
0
0
-6588
0
0
-942
0
0
0
-3458
0
0
-792
0
72
0
0
-77
0
-619
0
0
0
-8156
-36
0
0
0
1608
18
0
0
0
-7273
0
0
-1270
0
-218
0
0
0
310
-11
0
-327
0
0
-2
0
4344
0
0
0
0
61
0
4462
0
0
-1066
0
-3062
0
0
0
0
-511
0
-76
0
0
0
0
-74
0
-95
0
0
59
0
-168
0
0
0
0
0
-565
0
0
0
0
0
-88
0
-1844
0
0
-114
0
-76
0
0
0
0
-922
0
-851
0
0
1436
0
3296
0
0
0
0
28
0
-226
0
0
0
0
-5
0
-46
0
0
-1719
0
2670
0
0
0
0
242
0
1300
0
0
916
0
0
0
-11521
0
0
2462
0
0
0
-1706
0
0
-799
0
3070
0
0
635
0
2244
0
0
0
0
-689
0
1956
0
0
1148
0
1651
0
0
0
0
78
0
-188
0
0
0
0
-592
0
193
0
0
-1345
0
-3554
0
0
0
0
122
0
914
0
0
279
0
5459
0
-1104
0
-5042
-342
0
0
0
1437
-435
0
0
0
5375
0
0
-104
0
5258
0
0
0
0
438
0
0
0
309
96
0
-88
0
0
0
0
-3
0
0
0
-592
-792
0
-470
0
0
0
3622
864
0
0
0
2069
0
0
108
0
0
0
-1062
-437
0
4872
0
0
0
0
-562
0
-162
0
0
8
0
-418
0
-375
0
3430
-76
0
0
0
0
0
683
-308
0
0
0
-776
107
0
0
0
-972
0
0
752
0
2960
0
0
-272
0
254
0
0
0
0
1702
0
7239
0
0
0
0
-1380
0
-1285
0
0
33
0
922
0
0
0
0
-12
0
2395
0
0
1720
0
-3666
0
0
0
-994
853
0
0
0
32
0
0
1772
0
-306
0
0
1702
0
606
0
0
0
0
1511
0
1664
0
0
-1338
0
-736
0
0
0
-3082
535
0
0
0
0
374
0
896
0
0
0
0
-1522
0
4
0
489
0
-8210
572
0
0
0
0
-30
0
-158
0
0
0
11683
-2746
0
0
0
0
226
0
106
0
0
0
-3632
-82
0
0
0
-1807
0
0
-750
0
2910
0
0
3182
0
362
0
0
0
0
2438
0
8091
0
0
-1434
0
0
0
0
0
-7448
189
0
-5815
0
0
0
0
910
0
5785
0
0
-114
0
0
0
1385
0
0
-227
0
4468
0
0
1858
0
-2214
0
2801
0
0
864
0
0
0
7511
0
0
1368
0
0
0
-2613
30
0
0
0
-426
0
0
-773
0
331
0
0
689
0
-948
0
0
0
0
-268
0
-134
0
0
0
0
774
0
1666
0
3603
-14
0
0
0
488
0
0
120
0
0
0
2295
388
0
0
0
5586
0
0
105
0
0
0
7996
0
0
-491
0
-170
0
0
-510
0
1052
0
0
0
0
488
0
-2536
2098
2306
-146
0
434
0
1852
0
0
-176
0
-1216
0
271
-439
0
-6382
0
0
0
0
-46
0
996
0
0
0
0
858
0
3609
0
0
387
0
276
0
0
0
0
-508
0
-764
0
0
72
0
-3536
0
0
0
-4590
-60
0
-5356
0
0
0
0
-804
0
-10428
0
0
1082
0
-8378
0
0
0
0
167
0
520
0
0
-362
0
2288
0
0
0
0
162
0
-564
0
0
0
434
-1000
0
-1544
0
0
1502
0
712
0
0
0
612
-1833
0
0
0
1314
1668
0
-228
0
1735
0
0
475
0
-208
0
0
0
-1183
346
0
-309
0
84
-186
0
116
0
0
0
-2882
165
0
0
0
-2996
116
0
146
0
0
0
0
-156
0
-258
0
0
0
0
-368
0
540
0
0
1168
0
82
0
0
0
0
-1654
0
14
0
0
20
0
-1240
0
0
0
0
-854
0
-1306
0
0
-1790
0
-213
0
0
0
0
-361
0
144
0
0
0
0
-408
0
-16
0
17704
3394
0
0
0
11249
0
0
-563
0
1574
0
0
-47
0
-9708
0
0
0
0
-344
0
-690
0
-1458
0
0
432
0
1919
0
0
-464
0
377
0
-2916
0
0
142
0
636
0
135
-652
0
301
0
0
0
827
-198
0
1597
0
0
0
-9
-1570
0
0
0
1804
1148
0
0
0
3858
0
0
522
0
0
0
1270
-612
0
6306
0
0
0
0
0
-6351
1037
0
0
0
-2634
-1636
0
528
0
0
-134
0
-1786
0
-6979
0
0
542
0
8906
0
0
-1161
0
5437
0
0
0
0
-380
0
785
0
0
0
0
-230
0
980
0
-9534
7756
0
0
0
23803
0
0
58
0
0
0
-914
146
0
0
0
0
0
-336
610
0
1416
0
0
0
0
-750
0
124
0
0
-46
0
265
0
0
0
0
-2238
0
-258
0
-4272
591
0
1013
0
0
0
0
127
0
6677
0
0
0
0
-1600
0
-950
0
0
-1014
0
350
0
0
0
0
-134
0
-124
0
0
-37
0
188
0
0
0
2612
627
0
-25332
0
0
0
0
1210
0
1764
0
632
1042
0
0
0
0
0
2852
-456
0
0
0
-1580
-514
0
0
0
-4964
0
0
258
0
0
0
-3736
0
0
-860
0
20
0
0
-1614
0
-4419
0
0
0
0
616
0
-875
0
0
1639
0
6328
0
0
0
0
-608
0
-334
0
0
0
0
-47
0
2472
0
0
1421
-5520
0
0
105
0
5992
0
0
0
0
-4302
0
0
-907
0
315
0
0
44
0
316
0
-692
0
1840
1164
0
0
0
6932
-719
0
-2034
0
0
0
0
160
0
-498
0
-41214
0
0
-938
0
0
0
189
-1054
0
1692
0
0
0
0
592
0
-1030
0
99
-796
0
0
0
0
-482
-14497
0
3085
-5065
672
-2628
0
0
-130
0
1442
0
0
-234
0
438
0
0
0
-1704
214
0
0
0
-658
336
108
0
144
-192
0
1209
372
0
2172
0
-39008
0
0
-307
0
60
0
0
0
0
593
0
32
0
-71
142
0
-5076
0
0
0
0
262
0
-1996
0
0
9
4522
-192
0
-115
0
0
-106
0
-5815
0
0
0
0
-14
0
162
0
0
1653
0
16
0
0
0
0
1204
0
18
0
0
212
0
-204
0
0
0
0
264
0
2426
0
0
2116
0
3855
0
0
0
-498
0
-1440
322
0
-710
0
724
1390
0
-444
0
0
-551
0
-3844
0
0
0
0
-140
0
792
0
0
-2
0
-16
0
0
0
0
16
0
684
0
0
0
0
1282
0
1401
0
0
1097
0
-290
0
-3675
0
0
-662
0
1056
0
0
912
0
0
0
50
0
0
470
0
4033
0
0
0
0
160
0
475
0
0
-310
0
-1416
0
0
0
0
-27
0
-192
0
0
506
0
-3
0
0
0
-1252
-54
0
1028
0
0
0
0
490
0
-1255
0
0
407
0
1066
0
0
0
718
626
0
0
0
0
-1457
0
-4921
-2412
51
0
-1414
2018
0
135700
0
0
0
0
-178
0
-3139
0
0
1719
0
-187
0
0
0
2276
-1105
0
0
0
-421
-1951
0
1914
0
0
0
0
-2224
0
-2532
0
0
0
0
1315
0
-170
0
0
927
0
-140
0
0
0
-7210
360
0
0
0
-12798
-550
0
0
0
-532
0
0
-398
0
-2328
0
0
0
0
-275
0
-129
0
0
-104
0
1182
0
-4898
0
0
2193
0
-1716
0
0
2046
0
-2976
0
0
0
0
-153
0
1359
0
0
0
-2512
626
0
-448684
0
0
1972
0
0
0
-2066
0
0
702
0
528
0
0
0
-1432
-24
0
0
0
-61
-27
0
-142
0
0
0
0
246
0
-1527
0
0
746
0
1288
0
0
0
0
1776
0
293
0
0
832
0
-49
0
0
0
-2493
128
0
0
0
-7265
0
0
74
0
0
0
-10584
-452
0
-2688
0
0
0
0
249
0
-30
0
0
-331
0
1710
0
0
0
0
136
0
1060
0
0
0
4924
-582
0
0
0
-1823
-518
0
0
0
-174
0
0
24
0
-918
0
0
-1947
0
-778
0
0
0
794
228
0
0
0
0
0
3142
1274
0
-459
0
0
233
0
0
0
2344
0
0
-382
0
240
0
0
882
0
0
0
-1914
0
0
-978
0
3474
0
0
-1
0
0
0
0
0
5418
1468
0
0
0
271
0
0
49
0
-1000
0
0
772
0
-480
0
0
0
226
-1106
0
0
0
6120
-77
0
0
0
0
0
2014
-147
0
0
0
2070
0
0
-1702
0
-1400
0
0
448
0
462
0
0
0
0
291
0
11
0
552
-668
0
-136
0
-2680
0
0
-182
0
-1034
0
0
0
713
-2723
0
-761
0
0
-100
0
114
0
0
0
2912
-1096
0
6907
0
0
-253
0
16
0
0
0
308
-376
0
0
0
0
0
0
141
0
66
0
0
618
0
-1504
0
0
0
-358
276
0
0
0
-747
-356
0
464
0
0
0
0
-32
0
-3932
0
0
0
0
555
0
3200
0
0
-537
0
-2558
0
0
0
-753
-96
0
0
0
442
-938
0
-40
0
-605
0
0
-266
0
-1748
0
0
0
0
102
0
460744
0
0
34
0
0
0
-3726
0
0
-11
0
3133
0
0
244
0
637
0
0
0
0
-51
0
-3000
0
0
0
0
1416
0
-2178
0
0
484
0
-766
0
0
0
0
24
0
-2985
0
0
-275
0
568
0
0
238
-160
5997
3170
-1734
0
0
1860
0
238
0
0
0
-2114
1844
0
0
0
1057
0
0
1178
0
-2716
0
0
149
0
0
0
-1812
0
0
3231
0
-4060
0
0
440
0
174
0
0
0
0
-827
0
1174
0
0
0
0
-727
0
68
0
0
766
0
-85
0
-74
0
0
3238
0
-155
0
0
-18
0
275
0
0
0
0
1630
0
-8
0
0
0
0
-58
0
-595
0
0
-153
0
202
0
0
0
0
-834
0
1206
0
0
-126
0
-1794
0
0
0
0
-26
0
-39
0
0
0
313
-1482
0
0
0
0
134
0
0
0
2220
0
0
-24
0
202
0
0
0
0
-808
0
1394
0
0
-284
0
809
0
0
0
0
208
0
-548
0
0
-318
0
1330
0
1710
0
0
-726
0
-2
0
0
1946
0
-1082
0
0
0
538
-361
0
0
0
2176
0
0
-22
0
0
0
6
-84
0
1130
0
-66
0
0
320
0
0
0
-218
-964
0
0
0
0
0
1366
-2392
0
45
0
0
0
0
-1196
0
1704
0
0
1868
0
458
0
0
0
0
119
0
-1885
0
0
-514
0
-1330
0
0
0
0
-790
0
-1754
0
-434
0
0
618
0
80
0
5623
60
0
0
0
0
0
6498
-93
0
0
0
5062
-1428
0
0
0
0
0
-4322
360
0
190
0
0
-275
0
-832
0
0
0
0
649
0
-1602
0
0
0
0
-1258
0
-786
0
0
2
-17
5318
0
0
0
0
-512
0
-402
0
0
-480
0
318
0
0
0
911
-1184
0
0
0
1606
0
0
-1327
0
-3136
0
0
1227
0
-410
0
0
0
0
584
0
74
0
-2778
-6
0
0
0
-9
0
0
-243
0
0
0
102
0
0
-76
0
-736
0
0
-367
0
146
0
0
0
762
-2906
0
34
0
0
-3454
398
1098
0
46
0
-284
1648
0
138
0
0
0
0
-362
0
36
0
0
-724
0
-604
0
0
0
-86
-1574
0
270
0
0
-184
0
-1950
0
-1612
0
0
-1706
0
290
0
0
0
0
405
0
-91
0
-1290
452
0
0
0
0
0
-5415
172
0
0
0
736
314
0
0
0
756517
0
0
-739
0
-3054
0
0
0
0
-164
0
230
0
0
300
0
0
0
1397
0
-4171
1107
0
0
0
-9638
1576
0
0
0
-98
0
0
552
0
3586
0
0
0
0
372
0
-6
0
-768
464
0
4703
0
0
0
0
430
5690
0
197
-601
0
-836
0
179
154
0
-1045
-542
0
174
0
-886
1630
0
0
0
3549
0
0
829
0
-206
0
0
44
0
4823
0
0
0
0
994
0
532
0
0
0
-562
-466
0
8688
0
0
-310
0
8550
0
0
0
0
246
0
474
0
86
-1014
0
-1728
0
0
0
0
142
0
-200
0
0
0
1721
-3464
0
0
0
0
-902
0
2132
0
-1416
0
0
-341
0
1104
0
0
-1572
0
-2822
0
0
0
0
-750
0
248
0
0
0
-260
1200
0
-2494
0
0
552
0
72
0
0
0
0
304
0
-1621
0
-1061
0
1024
-826
0
496
0
-528
91
0
-508
0
0
0
0
1140
0
-554
0
0
578
0
-4836
0
0
0
0
-470
0
1808
0
0
187
0
762
0
0
0
0
905
0
-130
0
0
0
0
16
0
-4966
0
0
-300
0
-882
0
0
0
323
-1068
0
0
0
684
747
0
0
0
0
4226
81
-1668
-616
785
0
576
0
1772
-78
0
0
0
-7522
0
0
164
0
5134
0
0
-148
0
0
0
-967
0
0
-177
0
0
0
-566
214
0
0
0
0
0
-2790
-1
0
0
0
614
0
0
234
0
0
0
668
-88
0
2
-160
-524
-52
0
-236
0
0
0
1210
982
0
2792
0
0
0
0
59
0
-310
0
0
-960
0
348
0
4988
0
0
-720
0
0
0
1760
922
0
5052
0
0
0
0
60
0
3133
0
0
0
0
-74
0
-6508
0
0
-1260
0
171
0
-938
0
0
-152
0
0
0
-7708
674
0
0
0
-2430
0
0
-734
0
362
0
0
0
0
-615
0
-1334
0
-2329
-744
0
2528
0
0
0
0
-710
0
-784
0
0
-1310
0
2982
0
0
0
0
-310
0
-941
0
23
0
373
-1338
0
0
0
4350
71
0
0
3360
276
0
0
388
0
-1282
0
650
-649
0
0
0
684
0
0
1300
0
2542
0
0
-1096
0
-456
0
0
0
-6484
-736
0
0
0
424
0
0
148
0
482
0
2308
-572
0
0
0
-7787
0
0
-424
0
-809
0
0
-1620
0
-5459
0
0
0
0
-748
0
-514
0
836
0
0
174
0
780
0
0
1818
0
-1667
0
0
0
-10860
268
0
0
0
-1924
-226
0
2093
0
0
0
0
-1050
0
-797
0
0
0
7253
-559
0
0
0
-7
833
0
0
0
0
0
-66
-587
0
0
0
-2466
-94
0
0
0
0
0
0
-76
0
510
0
0
0
0
309
0
-705
0
0
38
0
798
0
0
0
0
1174
0
-1731
0
6384
781
0
0
0
0
0
1670
207
0
0
0
-280
0
0
-214
0
-1074
0
0
1059
0
-2985
0
0
0
0
42
0
-2260
0
0
-92
0
-3512
0
0
0
0
278
0
-707
0
0
0
-1065
-1536
0
0
0
0
-976
0
589
0
0
0
0
-108
0
-166
0
0
404
0
540
0
0
0
-2070
-1080
0
0
0
886
0
0
-2
0
0
0
0
-9
0
7786
0
0
0
0
-225
0
548
0
0
676
0
0
0
0
0
0
28
0
48
0
0
0
0
-776
0
-871
0
-1122
0
0
384
0
1416
0
0
-277
0
564
0
0
0
0
944
0
1736
0
0
-82
0
-104
0
0
0
1484
-128
0
0
0
942
0
0
950
0
-7594
0
0
673
0
0
0
0
-2222
0
0
0
0
0
0
0
0
-4
0
5959
0
0
2164
0
3148
0
0
0
0
28
0
1633
0
0
56
0
970
0
0
0
0
207
0
-1048
0
0
0
-22
976
0
0
0
-1084
-98
0
0
0
933
0
0
-1188
0
1153
0
0
-1044
0
-538
0
0
0
6460
124
0
0
0
3428
0
0
249
0
0
0
-2556
1156
0
0
0
1736
0
0
1642
0
0
0
1985
802
0
0
0
0
0
0
-198
0
-10
0
0
0
0
-614
0
-1776
0
0
-36
0
1115
0
0
0
-10472
340
0
0
0
-1358
-3008
-632
20
0
0
0
0
-1374
0
132
0
0
0
0
-334
0
504
0
0
2066
0
-2246
0
0
0
0
79
0
-479
0
1561
876
0
-520
0
0
0
0
89
0
-42
0
0
0
7556
645
0
0
0
0
-229
0
-48
0
-2326
0
0
76
0
0
0
-16525
525
0
0
0
0
0
0
-816
0
-1364
0
0
1671
0
202
0
0
0
0
-1136
0
394
0
-1851
0
0
27
0
0
0
-1038
-36
0
0
0
-9502
0
0
1131
0
0
0
-109
-2588
0
-2059
0
0
0
0
-2561
0
-690
0
0
0
0
-310
0
1262
0
660
179
0
0
0
0
0
0
-417
0
278
0
0
278
0
-1094
0
0
0
0
-62
0
654
0
0
0
0
-718
0
-2496
0
0
254
0
444
0
0
0
0
-756
0
-41
0
0
-46
0
0
0
2453
0
0
-277
0
-6828
0
0
0
0
-30
0
3934
0
0
-385
0
2846
0
0
0
0
-20
0
436
0
0
626
0
-202
0
0
0
0
888
0
3670
0
0
0
0
-1723
0
232
0
0
-722
0
-1406
0
0
0
64
0
0
340
0
0
-430
0
15
0
566
0
0
-218
0
569
0
102
0
0
113
0
-3193
0
-445
-168
0
0
0
676
0
0
2544
0
891
0
0
-688
0
0
0
0
0
1507
30
0
0
0
0
0
9068
-2964
0
0
0
2435
-36
0
0
0
0
0
2676
-164
0
0
0
10068
-32
0
0
0
0
0
-5020
-1532
0
0
0
2936
0
0
622
0
-6
0
0
24
0
0
0
10658
0
0
7
0
-611
0
-4936
-200
0
-2466
0
0
0
0
290
0
-1727
0
0
0
0
199
0
-3842
0
0
76
0
34
0
0
0
0
1066
0
-4416
0
0
-172
0
1412
0
0
0
-2966
0
0
-3052
0
0
0
0
-388
0
0
0
-390
738
0
-5284
0
0
0
0
86
0
16472
0
0
-330
0
-1711
0
0
0
0
418
0
10
0
0
0
-6554
-448
0
0
0
366
226
0
0
0
0
0
-252
781
0
651
0
0
-1766
0
-748
0
0
0
0
-880
0
459
0
0
0
0
-869
0
-735
0
0
630
0
-1794
0
-1129
0
0
527
0
-472
0
0
-40
0
4728
0
0
0
0
-608
0
305
0
0
336
0
16
0
0
0
0
-58
0
-85
0
0
0
3520
-160
0
0
0
-4790
109
0
0
0
0
442
0
0
2732
542
0
-280
0
388
-280
0
1508
0
0
-71
0
-332
0
1179
0
0
-298
0
1377
0
0
340
0
3514
0
0
0
3233
178
0
0
0
836
0
0
-1900
0
2084
0
0
-1930
0
-290
0
0
0
0
539
0
-223
0
0
2334
0
220
0
0
0
2390
1244
0
0
0
0
0
535
-499
0
-746
0
0
196
0
0
0
-109
0
-291
-287
0
-2221
0
0
1671
0
548
0
-1925
0
0
10
0
-108
0
0
0
0
74
0
-1458
0
0
-321
0
86
0
0
0
-540
-383
0
-3106
0
0
0
0
0
0
0
0
0
2114
0
1765
0
0
346
0
-2686
0
0
0
244
-544
0
-790
0
0
0
0
66
0
778
0
0
294
0
1520
0
0
0
0
2144
0
28
0
1425
1259
0
-1027
0
0
0
-6397
571
0
-4463
0
0
0
0
-2
0
-564
0
0
19
0
752
0
0
0
2334
-118
0
0
0
0
-358
0
-396
0
1310
0
0
1340
0
-1047
0
0
0
1904
250
0
2944
0
0
12
0
1750
0
0
0
0
594
0
-1386
0
0
-150
0
-196
0
0
0
914
-188
0
0
0
-2292
0
0
2621
526
-1201
0
0
1169
0
250
0
0
0
0
1059
0
-62
0
0
14
0
-3418
0
0
0
-4196
162
0
0
0
-288
4
0
-358
0
462
0
0
544
0
7744
0
0
0
0
628
0
434
0
0
-24
0
479
0
0
0
0
2
456
-2
0
0
716
0
10702
0
0
0
0
71
0
-30
0
-548
593
640
928
0
-802
0
0
0
2616
55
0
0
0
0
-1597
0
2056
0
0
0
-186
1072
0
-6765
0
0
138
0
-33545
0
0
0
0
133
0
6237
0
-3294
0
0
899
0
667
0
0
1024
0
92
0
0
-55
0
-512
0
278
0
0
-2
0
-148
0
0
1890
0
-222
0
0
0
1060
-475
0
9690
0
0
0
0
41
0
-502
0
0
-704
0
3692
0
0
0
0
542
0
139
0
0
-528
0
-301
0
0
0
0
220
0
3342
0
0
0
320074
-848
0
0
0
522
-954
0
0
0
-2192
0
0
-724
0
-188
0
0
-1188
0
-1126
0
0
0
0
-363
0
-20
0
0
0
0
252
0
-1574
0
0
103
0
-1219
0
31302
0
0
-848
0
0
0
0
476
0
27
0
0
0
0
546
0
463
0
0
0
0
-2732
0
188
0
0
55
0
0
0
350
0
0
2915
0
0
0
0
-305
0
-45
0
-2296
0
0
278
0
3014
0
0
0
0
78
0
4696
0
0
-801
0
562
0
0
0
0
-176
0
-534
0
0
243
0
463
0
0
0
-3784
-999
0
33272
0
0
0
0
20
0
-8162
0
0
212
0
-1732
0
0
0
5591
36
0
27682
0
0
-28
0
0
0
-3045
0
0
-48
0
81
0
6920
0
0
2952
0
-5509
0
0
684
0
284
0
0
0
0
58
0
0
0
-1460
-610
0
0
0
4408
0
0
-1922
0
0
0
0
0
0
198
0
-1324
0
0
-1626
0
-746
0
0
0
0
-444
0
3226
0
0
-220
0
-1238
0
799
0
0
-437
0
625798
0
0
0
0
-1876
0
62
0
0
1421
0
210
0
0
0
-1188
-50
0
0
0
72
3505
0
0
0
0
0
1919
564
0
0
0
0
0
0
-166
0
-972
0
0
383
0
578
0
0
0
0
228
0
-1708
0
0
-216
0
228
0
0
0
0
-204
0
-6314
0
0
0
-272
1322
0
0
0
2176
-226
0
0
0
902491
0
0
100
0
0
0
0
-645
0
68
0
1227
-97
961
-302
0
-280
0
0
458
0
144
0
0
0
0
-136
0
-4014
0
0
-684
0
0
0
312
0
424
-1265
0
0
0
0
0
1998
82
0
0
0
0
-232
0
-868
0
0
0
-1672
-594
0
-272
0
0
-154
0
-138
0
0
0
8672
-47
0
0
0
3764
0
0
-910
0
2730
0
0
-510
0
-796
0
0
0
0
-95
0
253
0
0
-130
0
1970
0
0
0
0
20
0
-4730
0
0
0
0
-262
0
546
0
5240
-308
0
0
0
-260
0
0
-316
0
-66
0
0
24
0
0
0
640860
0
0
346
6136
-543
0
0
0
-22
-134
0
0
0
-3304
402
0
0
0
122
0
0
-132
0
0
0
13788
-218
0
1292
0
0
0
0
-1406
0
-343
0
0
0
0
638
0
-1052
0
0
670
0
1750
0
0
0
-620
673
0
0
0
3724
-2777
0
1374
0
0
0
0
1208
0
0
0
-6528
0
0
82
0
0
0
-1070
58
0
0
0
-6359
0
0
511
0
150
0
0
877
0
-4578
0
0
0
0
-783
0
1410
0
1161
0
0
209
0
0
0
105
1483
0
0
0
-7029
0
0
338
0
3033
0
0
294
0
0
0
-342
0
140
614
0
-11
0
0
0
0
109
0
248
0
0
-3874
0
2021
0
0
0
4640
78
0
0
0
-6022
-3438
0
0
0
0
0
-380
-1736
0
0
0
1714
0
0
-354
0
0
0
0
542
0
-38
0
0
0
-8330
-54
0
0
0
0
-282
0
-526
0
0
0
2778
0
140
488
0
126
0
370
1282
0
1690
0
0
-503
0
37
0
0
0
-2855
210
0
0
0
0
-280
0
-56
0
0
0
-2358
1654
0
0
0
0
0
1402
-990
0
0
0
-3943
-426
0
0
0
0
0
-768
-72
0
1169
0
0
-167
0
-1310
0
868
0
0
127
0
-4193
0
0
208
0
1166
0
0
0
1558
-54
0
0
0
159
0
0
304
0
5504
0
0
218
0
1666
0
0
0
0
1751
0
-631
0
0
995
0
-888
0
0
0
0
740
0
0
0
218
0
25
376
0
1310
0
0
29
0
0
0
0
0
3906
127
0
0
0
-2698
417
0
777
0
0
0
0
-270
0
-71
0
0
0
-852
-92
0
0
0
845524
-97
0
4024
0
0
0
0
1359
0
744
0
530
-39
0
0
0
-516
0
0
-602
0
-1106
0
0
0
0
128
1426
0
-1050
54
-520
0
262
0
-380
0
0
438
0
-200
0
0
132
0
-614
0
0
0
0
-586
0
1506
0
0
-1112
0
511
0
-4652
0
0
269
0
0
0
-6982
0
0
538
0
-1043
0
0
360
0
0
0
4210
0
0
-98
0
-486
0
0
414
0
-5447
0
0
0
0
-1184
0
700
0
0
0
0
267
0
-46
0
0
-420
0
14
0
0
0
0
390
0
1478
0
0
353
0
-441
0
0
0
720
340
0
0
0
2586
0
0
1130
0
0
0
3912
60
0
0
0
-936
0
0
-92
0
414
0
-277
484
38
-13
0
-213
0
0
-1096
0
302
0
0
0
0
430
0
-3759
0
0
-513
0
-1414
0
-766
0
0
-1084
0
2497
0
6202
-451
0
904
0
0
0
0
346
0
13220
0
0
0
0
-207
0
152
0
0
568
0
0
0
422
0
0
-2017
0
4447
0
0
544
0
0
0
2022
426
184
0
-800
0
576
1277
48
22
-49
0
1966
0
0
-48
0
-1256
0
0
0
125
1029
0
217
0
0
173
0
0
0
9708
0
0
126
0
-2377
0
0
469
0
1270
0
0
0
0
-57
0
-92
0
1126
0
0
0
-1214
-6938
-182
128
-527
0
4462
0
0
0
0
-422
0
-674
0
34671
124
0
0
0
4856
0
0
204
0
-3988
0
0
0
0
93
0
-1060
0
0
-160
0
1272
0
0
0
6146
-1362
0
0
0
5257
1388
0
0
0
-3598
0
0
-778
0
-291
0
0
0
0
-12
0
272
0
2964
-796
0
0
0
-960
0
0
383
0
938677
0
0
-50
0
-92
0
0
0
0
-840
0
3300
0
8180
0
0
62
0
0
0
852
-311
0
0
0
0
0
-2609
-122
0
-7712
0
0
1459
0
127567
0
0
0
0
-28
0
-785
0
-62
0
0
-148
0
-146
0
0
692
0
-1120
0
0
0
1550
-1586
0
1160
0
0
978
0
-458
0
0
0
0
-439
0
740
0
-662
0
5516
-230
0
0
0
-3098
-1312
0
-505
0
0
0
0
-189
0
-38
0
0
264
0
-2570
0
0
0
0
871
0
698454
0
0
0
0
-192
0
3402
0
0
522
0
510
0
0
0
0
-46
0
-1820
0
0
634
0
2118
0
0
0
0
444
0
74
0
0
0
-8234
-724
0
0
0
0
236
0
-88
0
0
0
0
471
0
-2440
0
0
-108
0
-202
0
-5546
0
0
0
0
262
0
-1452
0
0
1690
0
214
0
0
0
0
190
0
1076
0
0
-22
0
3030
0
0
0
0
-1334
0
-6344
0
0
0
638
1767
0
0
0
0
118
0
-4210
0
0
0
2940
-227
0
0
0
1179
7802
0
0
0
886
0
0
209
-84
489
0
-24
0
350
-1752
0
-452
0
0
62
0
0
0
392
0
0
1032
0
-6432
0
0
-32
0
0
0
-1250
0
0
-194
0
-94
0
0
0
-2238
-2012
0
0
0
656
287
0
0
0
-2136
0
0
-97
0
4056
0
0
802
0
4081
0
480
0
0
912
0
-1730
0
0
0
510
-33
0
0
0
0
197
0
1580
0
0
0
0
-258
0
748
0
236
832
0
338
0
0
0
0
-1026
0
10450
0
0
0
0
111
0
227
0
0
-1138
0
756
0
-279
0
